180
200
116
49
47
52
240
48
4
213
197
214
86
180
90
121
209
50
125
180
180
7
3
222
87
50
112
135
192
194
41
205
92
118
64
50
99
97
225
156
64
39
109
145
95
216
149
180
117
219
61
204
186
57
215
193
89
49
99
242
223
204
30
163
11
248
209
184
81
179
188
127
170
60
242
114
171
206
255
194
151
80
89
58
25
86
164
111
191
63
28
138
23
143
36
222
124
130
162
199
143
198
90
73
105
35
159
142
219
50
61
250
217
68
134
236
65
44
144
159
147
247
154
139
136
118
193
14
156
59
159
36
224
98
88
65
201
62
252
72
166
183
156
27
74
65
5
236
169
192
